number of tracks:
3
track 0
hasVocals?
True
numXGrid:
4000
numYGrid:
6
Raw track data:
[[17, 3, 3], [18, 1, 3], [19, 3, 3], [20, 1, 3], [21, 3, 3], [22, 1, 3], [23, 3, 3], [24, 1, 3], [25, 3, 3], [26, 1, 3], [27, 3, 3], [28, 1, 3], [30, 1, 3], [31, 3, 3], [29, 3, 3], [1, 3, 3], [2, 1, 3], [3, 3, 3], [4, 1, 3], [5, 3, 3], [6, 1, 3], [7, 3, 3], [8, 1, 3], [9, 3, 3], [10, 1, 3], [11, 3, 3], [12, 1, 3], [14, 1, 3], [15, 3, 3], [13, 3, 3], [0, 1, 3], [16, 1, 3], [49, 3, 3], [50, 1, 3], [51, 3, 3], [52, 1, 3], [53, 3, 3], [54, 1, 3], [55, 3, 3], [56, 1, 3], [57, 3, 3], [58, 1, 3], [59, 3, 3], [60, 1, 3], [62, 1, 3], [63, 3, 3], [61, 3, 3], [33, 3, 3], [34, 1, 3], [35, 3, 3], [36, 1, 3], [37, 3, 3], [38, 1, 3], [39, 3, 3], [40, 1, 3], [41, 3, 3], [42, 1, 3], [43, 3, 3], [44, 1, 3], [46, 1, 3], [47, 3, 3], [45, 3, 3], [32, 1, 3], [48, 1, 3], [81, 3, 3], [82, 1, 3], [83, 3, 3], [84, 1, 3], [85, 3, 3], [86, 1, 3], [87, 3, 3], [88, 1, 3], [89, 3, 3], [90, 1, 3], [91, 3, 3], [92, 1, 3], [94, 1, 3], [95, 3, 3], [93, 3, 3], [65, 3, 3], [66, 1, 3], [67, 3, 3], [68, 1, 3], [69, 3, 3], [70, 1, 3], [71, 3, 3], [72, 1, 3], [73, 3, 3], [74, 1, 3], [75, 3, 3], [76, 1, 3], [78, 1, 3], [79, 3, 3], [77, 3, 3], [64, 1, 3], [80, 1, 3], [113, 3, 3], [114, 1, 3], [115, 3, 3], [116, 1, 3], [117, 3, 3], [118, 1, 3], [119, 3, 3], [120, 1, 3], [121, 3, 3], [122, 1, 3], [123, 3, 3], [124, 1, 3], [126, 1, 3], [127, 3, 3], [125, 3, 3], [97, 3, 3], [98, 1, 3], [99, 3, 3], [100, 1, 3], [101, 3, 3], [102, 1, 3], [103, 3, 3], [104, 1, 3], [105, 3, 3], [106, 1, 3], [107, 3, 3], [108, 1, 3], [110, 1, 3], [111, 3, 3], [109, 3, 3], [96, 1, 3], [112, 1, 3]]


track 1
hasVocals?
False
numXGrid:
4000
numYGrid:
7
Raw track data:
[[17, 3, 3], [18, 1, 3], [19, 3, 3], [20, 1, 3], [21, 3, 3], [22, 1, 3], [23, 3, 3], [24, 1, 3], [25, 3, 3], [26, 1, 3], [27, 3, 3], [28, 1, 3], [30, 1, 3], [31, 3, 3], [29, 3, 3], [1, 3, 3], [2, 1, 3], [3, 3, 3], [4, 1, 3], [5, 3, 3], [6, 1, 3], [7, 3, 3], [8, 1, 3], [9, 3, 3], [10, 1, 3], [11, 3, 3], [12, 1, 3], [14, 1, 3], [15, 3, 3], [13, 3, 3], [0, 1, 3], [16, 1, 3], [81, 3, 3], [82, 1, 3], [83, 3, 3], [84, 1, 3], [85, 3, 3], [86, 1, 3], [87, 3, 3], [88, 1, 3], [89, 3, 3], [90, 1, 3], [91, 3, 3], [92, 1, 3], [94, 1, 3], [95, 3, 3], [93, 3, 3], [65, 3, 3], [66, 1, 3], [67, 3, 3], [68, 1, 3], [69, 3, 3], [70, 1, 3], [71, 3, 3], [72, 1, 3], [73, 3, 3], [74, 1, 3], [75, 3, 3], [76, 1, 3], [78, 1, 3], [79, 3, 3], [77, 3, 3], [64, 1, 3], [80, 1, 3]]


track 2
hasVocals?
True
numXGrid:
4000
numYGrid:
6
Raw track data:
[]


